2447 1554
0.0720596648958 0.270813240703 0.199027380466 0.000964446260727 0.182893338782 0.0412872905599 0.008173273396 0.0383285655905 0.0368451164691 0.165492439722 0.022476501839 0.515357580711 0.0625051082959 0.0443931344503 0.00883530854107 0.0601552921945 0.0476093175317 0.095006129955 1.25733959951 0.00696771557009 0.442317123008 0.0485328974254 0.00630159378831 0.0187862689007 0.867131181038 0.410617082141 1.34446260727 0.173150796894 0.1438863915 0.145615038823 0.0892480588476 0.0619411524315 0.15090314671 0.0619861054352 0.15125051083 0.122031058439 0.198831221904 0.0207274213322 0.12696771557 0.0682795259501 0.0773845525133 0.22300776461 0.0723130363711 0.130400490396 0.410702901512 0.292194523907 0.0071352676747 0.0449243972211 0.0521716387413 0.154214548427 0.0215026563139 0.112149570903 0.0117584797711 0.023434409481 2.37857131181 18.0608908868 161.046178995
0.155263835264 0.162316602317 0.401126126126 0.149980694981 0.51398970399 0.174774774775 0.267792792793 0.214041184041 0.171370656371 0.360823680824 0.115102960103 0.540978120978 0.145231660232 0.0864800514801 0.11593951094 0.51880952381 0.287014157014 0.318861003861 2.25915701416 0.215012870013 1.37068211068 0.239845559846 0.254646074646 0.216866151866 0.0194401544402 0.0103539253539 0.000752895752896 0.0207078507079 0.000765765765766 0.00696267696268 0.00113256113256 0.0 0.0155727155727 0.00190476190476 0.00784427284427 0.0306241956242 0.0455534105534 0.00530244530245 0.0117374517375 0.0394723294723 6.43500643501e-05 0.00220077220077 0.00836550836551 0.00648648648649 0.120978120978 0.0144144144144 0.000804375804376 0.00182754182754 0.0209671814672 0.10738996139 0.00845881595882 0.510785070785 0.176594594595 0.0839498069498 9.73894401544 106.09009009 467.91956242
0.0894493779346 -0.00622555574609 0.00598665090996 0.00512514299073 -0.00273159665236 0.0026843175201 -0.0037776901632 -0.00383799871433 0.00629482345511 0.00447277690444 0.0109694266976 0.030250311613 0.00542508854624 0.00304695120751 0.000427639301542 0.00857009633156 0.00725125549494 0.0055155426377 0.0492394661441 -0.00025641653666 0.0618025598687 -0.0116347019452 0.0102946601041 0.0235387533323 -0.0203817949552 -0.00856318550447 -0.0491893902094 -0.00397259940893 -0.00318966542792 -0.00381988365239 -0.00181541478797 -0.00110249522826 -0.00457274098296 -0.00083198973351 -0.00349694294588 -0.00357399211566 -0.00447361566027 -0.000313031793574 -0.00136414137508 -0.00251917332314 0.000559199068185 -0.00168344450143 -0.000299871922454 -0.00203151160486 -0.00746441980835 -0.00794843046998 0.000229957124929 -0.000832258998786 -0.00164331082321 -0.00160971287384 -0.000760621470224 0.00745432748903 0.00636525705528 -0.00283689298791 0.250712166594 1.95946917595 11.1954074575
-0.00622555574609 1.89676419442 -0.0211058281783 -0.00792058229192 -0.0176074783001 -0.00719888800235 0.00695360688125 -0.00663634644041 0.00115519716453 0.0310040001984 -0.00119192674207 -0.0526802256489 -0.00740570335975 -0.00397859798123 0.00395004636256 0.00125300591922 -0.00738345251366 0.0257307018714 -0.13380801576 -0.00646006300576 -0.0212666500058 -0.00814367020278 -0.00466694977265 0.0057956253882 -0.122094170359 -0.0564085733878 -0.186525241443 -0.0228446184325 -0.0190331143904 -0.0181241288589 -0.0100172658978 -0.000579070955596 -0.0231609745159 -0.000772409270851 -0.0188494446135 -0.0156279152488 -0.0182017911546 -0.00345452046277 -0.0157089779006 -0.0067720511479 -0.0108260252236 -0.0337471152791 -0.00216068952074 -0.0215435761878 -0.0305591902048 -0.0383191349649 -0.00108877653976 -0.00649649555137 -0.00395221529977 -0.0197994703355 -0.00298167258773 -0.00972662181977 -0.000159562588174 0.00217054141967 0.26155271548 1.58525731137 -13.1546519172
0.00598665090996 -0.0211058281783 0.246834594962 -0.0195270109558 0.0102477141126 0.00563429340057 -0.00532871407066 -0.00570676083128 0.0065800781626 0.00137658849415 0.000219686052036 0.0372042587679 0.00131449806357 0.000239444031468 0.0094475965734 0.0090195583426 -0.00108696940741 0.0205779574688 0.0789396509553 -0.0011090950661 0.0459901327316 -0.0267940568443 0.0101254354318 -0.0021965769672 -0.0283960130116 -0.00538841557457 -0.131968956901 -0.00291885524672 -0.00821356922727 0.00186140442582 -0.00189896815844 -0.00549109723999 -0.0097231698983 -0.00538128128028 -0.00388314202992 -0.00291456096557 -0.0100814046889 0.0049187583063 0.00168911337728 -0.00477544896396 -0.00236656770248 0.0101478398221 -0.00360343279507 -0.0113720815257 -0.00977721539768 -0.0121335921665 -6.85143015726e-05 -0.000907642622547 -0.00274962611031 0.00114981459456 -0.000919864185429 0.0254671187465 0.00269504739848 -0.00335422101165 1.24142783996 5.62722500941 5.53116237735
0.00512514299073 -0.00792058229192 -0.0195270109558 1.68455336749 -0.00410192666544 -0.00740314790364 5.38227589526e-05 0.00157892172475 -0.00455676414776 -0.0127686172075 -0.00642096762198 -0.022287606735 -0.00781555988647 0.00580093141821 -0.00641886356981 -0.011538415947 -0.00357754250554 -0.00190928483794 -0.074725580291 -0.0105007481686 -0.0267493996368 -0.00404864840568 -0.0145047319118 0.0185894702299 -0.00102680489443 -0.000381291101248 -0.000835918311996 -0.000872235602387 -0.000108435118962 -0.000427253839369 -0.00011861820596 -3.65361458981e-05 -0.00088164564978 -0.000107380671325 0.00215793154777 0.00125111857734 -0.00223705950547 -0.000320134376652 0.00194843996871 -0.00175829930301 -4.93940548436e-05 -0.000259743139543 -0.000436467833188 -0.000415708713507 -0.00656399137814 -0.000900436551859 -5.10660086074e-05 0.00138288759031 0.00141264032692 -0.00134631208084 -0.000485629218801 -0.0150938613935 -0.00415895330528 -0.00322599267987 -0.108496165952 2.6069730068 3.67639555222
-0.00273159665236 -0.0176074783001 0.0102477141126 -0.00410192666544 0.439534861034 -0.000767487533309 0.0181474926041 -0.00606493916157 -0.00653095763412 -0.000452610171042 -9.39195165354e-05 0.0341030252383 -0.00208747124723 -0.00164510865061 0.0008214249057 0.011439235562 0.0206041085375 0.00592767267583 0.0314059140584 -0.00414966538873 0.0395485042946 -0.029307636937 -0.00342672355582 -0.0169897717884 -0.00566898718302 -0.0092193859732 -0.107259850841 -0.00727962917181 0.0211023335667 -0.00122794878081 -0.000809147247104 0.00267457051757 -0.00111433269564 0.0024564181079 -0.003654808325 -0.000950299901679 -0.00864730222357 0.0234041426384 -0.00370499965684 0.000795864162346 -0.00647442679385 0.0713054636938 -0.00249001310907 0.0184490248217 -0.0020761411879 -0.0277605615093 -0.000650188659116 -0.00214776193243 -0.00344929060919 -0.00371474300512 -0.0014209156375 -0.0198330908275 -0.00764099638172 -0.00384814157016 0.569720962813 -0.569749979015 -23.4490148049
0.0026843175201 -0.00719888800235 0.00563429340057 -0.00740314790364 -0.000767487533309 0.0638539905538 -0.00231846246781 0.00359517106543 0.00492086168779 -0.00199965331088 -0.000174422630532 0.0014647003157 0.00381076980504 -0.00012954770195 0.0084786297443 -0.00734430288355 0.00171826683447 0.0032228148068 0.0184741902566 0.00277629497637 0.00788731312204 -0.00300760626867 0.012617189729 0.000920089079259 -0.0111198473297 -0.00711183952384 -0.0241224803048 -0.00378482310984 -0.00223367261065 -0.000815633700414 -0.00126311796775 -0.000574110130007 -0.00078115332709 -0.000689999891391 -0.00246416986094 -0.00180635575247 -0.00142152578238 -0.000672190832627 -0.0020516971247 -0.000767174504231 -0.000633576310396 -0.00478095580811 -0.000143553645749 -0.00139369939377 -0.00454665628528 0.00151682886647 5.01260643744e-06 -0.00071873836831 -0.00040162887991 0.00112850303898 0.000147333721119 0.00261488718481 0.00187417618016 0.000725327178847 -0.317166102031 1.86911515252 3.47968292502
-0.0037776901632 0.00695360688125 -0.00532871407066 5.38227589526e-05 0.0181474926041 -0.00231846246781 0.13293873127 -0.00499395402413 -0.00390947287629 0.000730461492323 0.00409634419305 -0.00182221861016 -0.00491461074015 -0.0051088068264 -0.00353115062442 0.0181770084536 0.013344331969 0.00900061750666 0.00667411061444 -0.00431328672013 0.00146583283666 -0.0122207417341 -0.00662251833035 -0.00940034353339 -0.00237994098751 -0.000947994920986 -0.00607469875357 -0.0028497595626 -0.000753636904129 0.000114616647218 -0.000461403772124 -0.000148793563767 -0.000827830172405 -0.000339912215789 -0.000502675421329 -0.000831237235138 0.00049883123222 -0.000393366918085 -0.000913345376641 0.000282179347935 -4.2581936902e-05 -0.00110295092316 -0.000364650595783 -0.000573047028063 -0.00177303251069 -0.00258911498043 -5.6547449259e-05 -0.000286883148201 -0.00124112855346 -0.00228887613121 -0.000269255033126 -0.0081839936579 -0.00274211200599 0.00540338656541 0.0400677809889 -1.33654306642 -20.6631290879
-0.00383799871433 -0.00663634644041 -0.00570676083128 0.00157892172475 -0.00606493916157 0.00359517106543 -0.00499395402413 0.161565030042 0.00618937485737 0.0120428371314 0.00502024051564 -0.00402665086094 -0.000343941248019 -0.000378312122817 0.00381460541945 -0.00361119436752 0.0293345096732 -0.00180386704142 -0.0288309640307 0.0151242982087 0.0422841523064 -0.0148944090391 0.00328395305419 -0.00289799639938 -0.00087955951998 0.00167870562728 -0.0280431082533 -0.00325475094805 -0.00171672423588 -0.00086802301988 -0.0012838760118 -0.000985518791941 -0.00323199269776 -0.00114492345252 -0.000317107584146 -0.000287181434518 0.00114247545097 -0.000561265734379 -0.000741842849345 0.00141776481681 0.00281799517655 -0.00486143941319 0.00260952884934 -0.00271801977741 0.013579163276 -0.0023375273481 -1.15891615251e-05 -0.00026896680281 -0.00171571404578 -0.00122257971869 -0.000358229317645 -0.00518610559848 -0.00083535163004 -0.00430227644411 -0.208945156649 -0.660544044499 -2.08647737563
0.00629482345511 0.00115519716453 0.0065800781626 -0.00455676414776 -0.00653095763412 0.00492086168779 -0.00390947287629 0.00618937485737 0.0668665395654 0.0175952879766 0.0031381527841 0.00660721747698 0.000707297175644 0.0052705354882 0.0137223087787 -0.0116047651662 0.00779837635014 0.00824318255062 -0.0117100331747 0.0103187736444 0.0179454224678 -0.0112367150898 0.00505459939141 0.00638970384715 -0.00267277051021 0.00216548613175 -0.0212543744913 -0.00305785642839 -0.00166811500592 0.000296605248134 -0.000571661419872 -0.000123497701382 0.00236955821256 -0.000166889379879 -0.000489016335305 -0.00246639584242 0.000494438457541 0.0003519173917 -0.00165363909223 0.00131718117435 -0.00137256393907 -0.00333153404199 -0.000323759533125 -0.00233509733326 -0.0113116613342 -0.00585612621298 0.000359027979501 -0.000260428972143 -3.62921883135e-05 -0.000358049063711 0.000924449694764 -0.00216613034576 0.00514813770991 -0.0022446212066 0.745014136409 7.13675785697 33.5788022579
0.00447277690444 0.0310040001984 0.00137658849415 -0.0127686172075 -0.000452610171042 -0.00199965331088 0.000730461492323 0.0120428371314 0.0175952879766 0.430259766883 0.0102558070548 0.0344123824345 0.00462015366644 0.00157342209625 0.0243835418343 -0.00266165041679 0.0116159091856 0.00188024881991 0.0598801636602 0.000262143821325 0.0303119432055 -6.29803694084e-05 0.0118165857545 0.00691172803589 0.00396817633821 0.0115135599579 -0.101589437928 0.0155298793404 -0.00118105805597 0.0124634145593 -0.000224454783594 0.00151589875314 -0.0058908701244 0.00160749028936 0.00124050299055 0.00257615686183 0.00225626093779 -0.00214802891095 1.76280841076e-05 0.00400182419133 -0.00333139983851 -0.0193577708935 0.00594064107485 -0.00560979387494 -0.00743044213726 -0.00555067354455 -0.000326225343309 -0.000106479168256 0.00302540244515 0.0020986621641 0.00111589278048 0.00151050609259 0.00510395274951 0.0113016135425 1.15801279261 8.8863699853 21.7670363195
0.0109694266976 -0.00119192674207 0.000219686052036 -0.00642096762198 -9.39195165354e-05 -0.000174422630532 0.00409634419305 0.00502024051564 0.0031381527841 0.0102558070548 0.0379192266746 0.0195343105627 0.000843622089 0.00259704843714 0.000474645765681 0.00790097460772 0.00780978887044 0.00191094603645 0.0283688595113 0.0117918829254 0.0537203821787 -0.00588422510572 0.00176550086721 0.000243465790093 -0.00457172591397 -0.00385384807444 -0.0165626877939 -0.00209757737698 -0.0015200010135 -0.000919030533262 3.69846422401e-05 -0.000436581700509 -0.00161003866622 -0.000473091867244 -0.000980350707144 -0.0011851682293 -0.000239853974114 0.000134827152082 -0.00122654395117 -0.000399872406892 -0.00096307440246 -0.00175520599277 -0.000220158830729 -0.00192580974997 -0.00622172358973 -0.00341779683109 -0.000102004104533 -9.5084792265e-05 -0.000896473351614 -0.00176870596283 -0.000195364785757 -0.00423505923794 -0.000231412527505 -0.00135640702089 -0.0182748933247 1.09938180125 7.054793308
0.030250311613 -0.0526802256489 0.0372042587679 -0.022287606735 0.0341030252383 0.0014647003157 -0.00182221861016 -0.00402665086094 0.00660721747698 0.0344123824345 0.0195343105627 0.711991795894 -0.00100584706156 -0.000548748730541 0.0057282032113 -0.0154267499017 0.0187290878102 0.00547020767569 0.136142579152 0.00623772399062 0.112189174134 -0.0390844867624 0.00517973608397 0.00538852173553 -0.0187982351458 0.0163416576072 -0.349813159006 -0.00995060806807 0.0538018958869 -0.00183866444088 -0.00369424232552 -0.00934007710782 -0.00956923538641 -0.00984302251446 -0.0165713615325 0.00120865384817 -0.00751892489458 -0.00526320825057 0.00785433949568 -0.00403500188103 -0.00663749295065 0.0650552169538 -0.00397236677819 0.00980064736602 -0.0677493880987 -0.0548935966304 0.000361693074122 0.00656784886 -0.00663887285672 -0.00411811683859 -0.00351261365272 0.00444445534063 0.00295391965669 -0.0124922291464 -0.321093050438 2.83893146302 12.9359202346
0.00542508854624 -0.00740570335975 0.00131449806357 -0.00781555988647 -0.00208747124723 0.00381076980504 -0.00491461074015 -0.000343941248019 0.000707297175644 0.00462015366644 0.000843622089 -0.00100584706156 0.0910468658557 0.00609789734249 0.00357774339783 -0.00550106807541 9.28592319435e-05 0.00423196012547 0.0429865437965 -0.00660669000991 -0.00361910760407 -0.0129476008655 0.0076474627951 0.00726556319844 -0.0106917927007 -0.00888656838957 -0.0327443831105 -0.00579411877311 -0.00168071713461 -0.00335171875823 -0.00176195909091 -0.00104816277541 -0.00532960321593 -0.00109186716836 -0.00401920509113 -0.0032537178452 -0.0025731528663 -0.000809239683348 0.000414237045971 -1.99608929478e-05 -0.000698872900007 -0.00640743061111 0.000530244814805 -0.00223751315703 -0.00564335438886 -0.0021515475183 -0.000168702515905 -0.000514057603105 -0.00129322552632 -0.00317119109422 -0.000590272796038 -0.000916263307953 0.0126878021657 -0.00314422765824 -0.278639046985 0.766781881138 14.2490304625
0.00304695120751 -0.00397859798123 0.000239444031468 0.00580093141821 -0.00164510865061 -0.00012954770195 -0.0051088068264 -0.000378312122817 0.0052705354882 0.00157342209625 0.00259704843714 -0.000548748730541 0.00609789734249 0.120204428814 -0.00272716581904 -0.0019354614586 0.000130759129068 -0.00734657490775 0.00528490081797 0.00434376842204 0.0121238995434 -0.00891309008622 0.00312203746441 0.00291672218446 -0.0115146269811 -0.00830634782838 -0.0215598487099 -0.00178810275512 2.88452962049e-05 -0.00255690472991 -0.00111705111802 -0.000856452733976 -0.00136504025817 -0.000899158106926 -0.00252720190426 0.00243293688374 -0.00363228154955 -2.90215954804e-05 -0.00304273908557 -0.00217732848332 -0.0020956590714 0.00416690946123 0.000424267480573 -0.00219415750829 0.0041968993078 -0.0050836151675 0.00156023389356 -0.00100610862693 -0.00143964124815 0.00012206865614 -0.000421583062254 -0.00651399238941 0.0051755333104 0.000367502010021 -0.0485449532211 3.30754266827 32.4068566814
0.000427639301542 0.00395004636256 0.0094475965734 -0.00641886356981 0.0008214249057 0.0084786297443 -0.00353115062442 0.00381460541945 0.0137223087787 0.0243835418343 0.000474645765681 0.0057282032113 0.00357774339783 -0.00272716581904 0.0678104621203 -0.0112457558915 -0.00324967610954 0.0298825994513 -0.00411054770859 -0.00331122489399 0.00222384601824 -0.00559031636084 0.0297779995684 -0.000765692005838 0.00116445669594 0.00337227991829 -0.00507688847715 -0.000698238863006 -0.000249610547924 -0.000128658497306 -4.64875210042e-05 8.63114932342e-05 0.00149703519205 2.94788330283e-07 0.000772422223822 -0.000642632544129 1.21997008298e-05 -0.000346855390988 0.00109090760056 0.00604807974205 0.000625956516763 -0.00109176230899 0.00413995963795 0.000149755343004 -0.00315591721753 0.00101824777508 -5.16343103728e-05 -0.000292560279677 -0.000379777034374 0.00135273234676 0.000338512296724 -0.00626934764466 0.00438197789534 -0.0023437587231 -0.0325701762119 8.03235491315 15.5804708945
0.00857009633156 0.00125300591922 0.0090195583426 -0.011538415947 0.011439235562 -0.00734430288355 0.0181770084536 -0.00361119436752 -0.0116047651662 -0.00266165041679 0.00790097460772 -0.0154267499017 -0.00550106807541 -0.0019354614586 -0.0112457558915 0.470357220347 -0.00294851670837 0.0117140441209 0.0265890655907 -0.00755353009807 -0.000666538015991 -0.0271687648626 -0.00762576839979 0.0191791211194 -0.0236412760718 -0.00872268926001 -0.0345050744648 -0.00814428587328 -0.00349034245491 -0.00343565427702 -0.00186056461491 -0.00123432582802 -0.0051299259365 -0.00125899297939 -0.00543740647072 -0.00637810973264 -0.00310359461505 0.00559633419238 -4.71215811553e-05 -0.00257586163718 -0.000165280450471 0.00122967470083 -0.00149762628427 -0.00279109027402 -0.00451681019214 -0.0045031660216 -0.000231547939635 -0.000735838619986 -0.0015446678173 -0.00336178957756 -0.000924574406367 0.0290606337276 -0.0058786398956 0.00793481181386 -0.315223436808 -4.37601261481 -28.5940555755
0.00725125549494 -0.00738345251366 -0.00108696940741 -0.00357754250554 0.0206041085375 0.00171826683447 0.013344331969 0.0293345096732 0.00779837635014 0.0116159091856 0.00780978887044 0.0187290878102 9.28592319435e-05 0.000130759129068 -0.00324967610954 -0.00294851670837 0.173891442188 -0.00254901251733 0.0037795864041 0.0329821346796 0.0606613896934 -0.0196183452018 0.00185424196701 -0.00142370441946 0.01275656579 -0.00467344360306 -0.0339674332195 -0.00509289762831 -0.00204761596015 0.00249281549568 -0.000820430835313 -0.00136981860992 -0.00274552841577 -0.00141408227642 -0.00330881956652 0.000283948502765 -0.00166150200622 -0.000795336475632 -0.00185000677027 0.00512728988642 -0.00180269977093 -0.00100559684929 -0.00155085048198 0.000606758351941 -0.0091414520232 -0.00768339893833 0.000124312326826 -0.00081864845843 -0.00175507827827 -0.00148354798072 -0.000912869421273 0.00434195644045 0.000819934022889 -0.0040652790803 0.0467803005263 0.463050294853 2.27301097644
0.0055155426377 0.0257307018714 0.0205779574688 -0.00190928483794 0.00592767267583 0.0032228148068 0.00900061750666 -0.00180386704142 0.00824318255062 0.00188024881991 0.00191094603645 0.00547020767569 0.00423196012547 -0.00734657490775 0.0298825994513 0.0117140441209 -0.00254901251733 0.270694191173 0.0304358904826 -0.00735745606994 0.0341121276129 -0.0246217449019 0.00403439865739 0.0136838593589 0.00669561412288 0.00538379584895 -0.0570808133751 0.0194313060819 -0.00693208020257 0.0136598449669 0.00972227340973 -0.00266707800982 -0.00197123215212 -0.00299354120545 0.0121585767571 0.010054592442 0.00102840466592 0.00180044349334 -0.000248707629632 0.0036191806624 -0.00201505795268 -0.00833410391144 0.000303917084294 -0.00440443012404 -0.00714428374641 -0.00382396136075 -0.000220940585814 0.000888155681849 -0.00357492643424 -0.00191435590766 -0.00031369043629 -0.00283291493833 -0.000201496861976 0.00250390143518 -0.508624258351 2.87266522022 -1.48511073912
0.0492394661441 -0.13380801576 0.0789396509553 -0.074725580291 0.0314059140584 0.0184741902566 0.00667411061444 -0.0288309640307 -0.0117100331747 0.0598801636602 0.0283688595113 0.136142579152 0.0429865437965 0.00528490081797 -0.00411054770859 0.0265890655907 0.0037795864041 0.0304358904826 2.93763533529 -0.0143899208478 0.417650306932 -0.0898316803685 0.0170947537449 0.109612045306 -0.369697802902 -0.149201129506 -0.707605764092 -0.0667263336735 -0.0407136207044 -0.036042770555 -0.0281586632047 -0.0157996408642 -0.0640724119614 -0.0160462822333 -0.0372367116164 -0.0565337565892 -0.0701504208392 -0.0104952307633 -0.00770918873028 -0.0177711800886 -0.0184773912183 -0.0726904365011 -0.00880351994933 -0.0452281168483 0.284608512179 0.0628713244773 -0.00283596492755 -0.0143854656572 -0.0129744802859 -0.0506166264535 -0.00894701241152 0.133096873819 0.000196804954319 -0.0166809841907 -3.5728972967 -17.9802313377 -71.6344500745
-0.00025641653666 -0.00646006300576 -0.0011090950661 -0.0105007481686 -0.00414966538873 0.00277629497637 -0.00431328672013 0.0151242982087 0.0103187736444 0.000262143821325 0.0117918829254 0.00623772399062 -0.00660669000991 0.00434376842204 -0.00331122489399 -0.00755353009807 0.0329821346796 -0.00735745606994 -0.0143899208478 0.264497013295 0.0395138913798 0.00323464563552 -0.00365951889417 0.00451117390458 -0.00164392037985 -0.00230069440865 -0.00438759123018 -0.00223969888629 -0.000649119792649 -0.00116557752199 -0.000391902538009 -0.000263958172696 -0.00151452389546 -0.000387128516098 -0.000753693600375 -0.00264738616103 -0.00294337250729 0.0020186681873 -0.00108551219683 0.00157414262333 -0.000296402876119 -0.00104314581406 -0.000536741959584 0.00143717618321 -0.00843889128548 -0.00143204321942 -2.67489131142e-05 -0.000258984634705 -0.00121404168562 -0.000167614558836 7.79693414887e-06 0.00213295778922 -0.00319133315971 -0.00259260076926 0.694935744877 5.82520120184 8.93819526541
0.0618025598687 -0.0212666500058 0.0459901327316 -0.0267493996368 0.0395485042946 0.00788731312204 0.00146583283666 0.0422841523064 0.0179454224678 0.0303119432055 0.0537203821787 0.112189174134 -0.00361910760407 0.0121238995434 0.00222384601824 -0.000666538015991 0.0606613896934 0.0341121276129 0.417650306932 0.0395138913798 1.23147319142 -0.0675983048792 -0.00307402021392 0.0441328427229 -0.11158283938 -0.0456481064775 -0.250704524132 -0.0191377443989 -0.00403405337454 -0.0122628387172 -0.00493939940227 0.00180087319813 -0.0244534436192 0.00163619588467 -0.0128919783368 -0.0210719264556 -0.0270124867891 0.00162238313647 -0.00965749778708 0.00737943374622 -0.0112201046298 -0.0272648804908 -6.2005087501e-05 -0.01828081641 0.0169443583455 -0.0259745869107 -0.000947465535133 -0.00399734029657 -0.0114925614606 -0.0136027617717 -0.0024666874297 -0.00914735822096 0.00396495104959 -0.0161064508616 -0.139085078729 0.392944077275 -23.5543905451
-0.0116347019452 -0.00814367020278 -0.0267940568443 -0.00404864840568 -0.029307636937 -0.00300760626867 -0.0122207417341 -0.0148944090391 -0.0112367150898 -6.29803694084e-05 -0.00588422510572 -0.0390844867624 -0.0129476008655 -0.00891309008622 -0.00559031636084 -0.0271687648626 -0.0196183452018 -0.0246217449019 -0.0898316803685 0.00323464563552 -0.0675983048792 1.08482944165 -0.00594050542874 -0.0145865557156 -0.0271953845096 -0.0127984253269 -0.0399772553224 -0.00706573825418 -0.00434173058504 -0.00496892551066 -0.00275461825895 -0.0018385731724 -0.00504156967048 -0.00201374974722 -0.00517221395667 -0.00585692544195 -0.00758129544984 -0.000556389895162 -0.00356510095293 -0.00563641668152 -0.00228749662896 -0.00681781403142 -0.00219307385089 -0.00218790439458 -0.0205445993088 -0.00735487683072 -0.000286726153175 -0.00149912092075 0.114327322746 -0.0103726308874 0.000790013659584 -0.0214927729626 -0.0102312857673 0.0800881573316 0.366098589746 1.89701580103 53.0002715515
0.0102946601041 -0.00466694977265 0.0101254354318 -0.0145047319118 -0.00342672355582 0.012617189729 -0.00662251833035 0.00328395305419 0.00505459939141 0.0118165857545 0.00176550086721 0.00517973608397 0.0076474627951 0.00312203746441 0.0297779995684 -0.00762576839979 0.00185424196701 0.00403439865739 0.0170947537449 -0.00365951889417 -0.00307402021392 -0.00594050542874 0.113412967949 -0.00355909969581 0.000587772875115 -0.00085540383596 -0.00507901757348 -0.00260109871788 -0.000418109719009 -0.00090306284087 -0.000368128507575 -0.000238723461758 -0.00156872320138 -0.000423688609539 0.000274376774074 -0.00212212587192 -0.001545281946 -0.000568358033498 0.000778258791393 0.00255077217972 -0.000280288529672 -0.00101136448527 0.000231425645778 -0.000634943262771 -0.00224711341534 -0.00130450178223 -8.35312460457e-09 -0.000135448402185 -0.0007749811846 0.000439416681336 0.00101044648548 -0.00269369022604 0.0186248416068 -0.000715925068826 -0.338908306778 3.33807313474 18.6491748761
0.0235387533323 0.0057956253882 -0.0021965769672 0.0185894702299 -0.0169897717884 0.000920089079259 -0.00940034353339 -0.00289799639938 0.00638970384715 0.00691172803589 0.000243465790093 0.00538852173553 0.00726556319844 0.00291672218446 -0.000765692005838 0.0191791211194 -0.00142370441946 0.0136838593589 0.109612045306 0.00451117390458 0.0441328427229 -0.0145865557156 -0.00355909969581 0.20441677915 -0.00928354082484 -0.00473917611836 -0.0137321618231 -0.00331162081986 -0.00170255639539 -0.00202767185651 -0.000977660008125 -0.000692360604169 -0.00254988216182 -0.00078418522279 -0.00149252296278 -0.00293514819389 -0.00350415550151 -0.000153515783559 -0.00147904136336 -0.00153608586938 -0.00088704186309 -0.00191548342377 -0.00113298931673 -0.000977510960843 -0.00676314644672 2.75970842793e-05 -6.6980990962e-05 -0.000151180807686 -0.000682611861833 -0.00124031834022 -0.000358948432149 0.00145520557868 0.00293929726583 -0.0029735051847 -0.243036147425 -0.0161585641908 8.07412282444
-0.0203817949552 -0.122094170359 -0.0283960130116 -0.00102680489443 -0.00566898718302 -0.0111198473297 -0.00237994098751 -0.00087955951998 -0.00267277051021 0.00396817633821 -0.00457172591397 -0.0187982351458 -0.0106917927007 -0.0115146269811 0.00116445669594 -0.0236412760718 0.01275656579 0.00669561412288 -0.369697802902 -0.00164392037985 -0.11158283938 -0.0271953845096 0.000587772875115 -0.00928354082484 2.54869764405 0.643123154169 -0.421716050357 0.19351430503 0.113212684 0.241842558136 0.134450713997 0.11292904946 -0.0221147492246 0.112937115622 0.171488228719 0.16296395928 0.0636329234304 0.000295556017287 0.0168484941131 0.107672722619 -0.0172136976898 -0.0104564535918 0.0298647626862 -0.0260363522405 0.0174533829877 -0.122978093952 -0.00145576371257 -0.00683815065487 0.00319440798596 0.0308954149953 0.00455018690757 -0.039496152712 -0.00135073935884 0.0629845778272 0.548894359386 1.60560005809 25.5791112711
-0.00856318550447 -0.0564085733878 -0.00538841557457 -0.000381291101248 -0.0092193859732 -0.00711183952384 -0.000947994920986 0.00167870562728 0.00216548613175 0.0115135599579 -0.00385384807444 0.0163416576072 -0.00888656838957 -0.00830634782838 0.00337227991829 -0.00872268926001 -0.00467344360306 0.00538379584895 -0.149201129506 -0.00230069440865 -0.0456481064775 -0.0127984253269 -0.00085540383596 -0.00473917611836 0.643123154169 0.682138433778 -0.184989565766 0.125390465628 0.0698416671776 0.108991974961 0.0737300456192 0.0636655258335 -0.0129310744177 0.0636675964413 0.101682603694 0.0799414870768 0.0462893052935 0.00357075362381 0.0127959318048 0.0595559330504 -0.00182401551283 0.0274179574733 0.0191766074195 -0.000539458212463 -0.0269276179325 -0.0535157064881 0.00099742147941 -0.00040735840735 -0.000205481410724 0.0221050841172 0.0041423165809 -0.015485393062 -0.00104904582142 -0.0020329413527 0.0287149532893 -0.0903352898747 1.34915633851
-0.0491893902094 -0.186525241443 -0.131968956901 -0.000835918311996 -0.107259850841 -0.0241224803048 -0.00607469875357 -0.0280431082533 -0.0212543744913 -0.101589437928 -0.0165626877939 -0.349813159006 -0.0327443831105 -0.0215598487099 -0.00507688847715 -0.0345050744648 -0.0339674332195 -0.0570808133751 -0.707605764092 -0.00438759123018 -0.250704524132 -0.0399772553224 -0.00507901757348 -0.0137321618231 -0.421716050357 -0.184989565766 12.1525663803 -0.0293815383373 -0.0243885866886 -0.0162333073122 0.00644496028514 0.0330976762348 -0.0882305129816 0.0330811754954 -0.0244249771001 -0.0136060008665 -0.0823263270266 -0.0139119588358 -0.0364273232373 0.0233820057364 -0.050398279081 -0.0846101523852 -0.0153405013751 -0.0689992158321 -0.125116675853 -0.220601831809 -0.00500206404466 -0.00735513937555 -0.0310362749056 -0.0547676703633 -0.0109644578409 -0.0695624198568 -0.00844874488247 -0.0147365846103 -0.634933499931 -10.4094227278 -112.173621635
-0.00397259940893 -0.0228446184325 -0.00291885524672 -0.000872235602387 -0.00727962917181 -0.00378482310984 -0.0028497595626 -0.00325475094805 -0.00305785642839 0.0155298793404 -0.00209757737698 -0.00995060806807 -0.00579411877311 -0.00178810275512 -0.000698238863006 -0.00814428587328 -0.00509289762831 0.0194313060819 -0.0667263336735 -0.00223969888629 -0.0191377443989 -0.00706573825418 -0.00260109871788 -0.00331162081986 0.19351430503 0.125390465628 -0.0293815383373 0.247223751242 0.0662596834739 0.0931418518136 0.0689914150585 0.0588379739352 -0.00441549443846 0.0588779784776 0.120301682045 0.0807667218006 0.0015973263003 -0.00211340692534 0.00774370600251 0.0570609210929 0.00269807406025 -0.00396036258799 0.0081317831618 -0.00311042812199 -0.00853991384747 -0.0113146902362 -0.000113571039029 0.000594881929871 -0.00427509803407 0.0349245505809 0.000433261640156 -0.0115962126392 -0.00119670380732 6.59274969399e-05 0.0640213713494 -0.326425535575 -7.46821733534
-0.00318966542792 -0.0190331143904 -0.00821356922727 -0.000108435118962 0.0211023335667 -0.00223367261065 -0.000753636904129 -0.00171672423588 -0.00166811500592 -0.00118105805597 -0.0015200010135 0.0538018958869 -0.00168071713461 2.88452962049e-05 -0.000249610547924 -0.00349034245491 -0.00204761596015 -0.00693208020257 -0.0407136207044 -0.000649119792649 -0.00403405337454 -0.00434173058504 -0.000418109719009 -0.00170255639539 0.113212684 0.0698416671776 -0.0243885866886 0.0662596834739 0.309822326707 0.0589681618083 0.0565917528649 0.0584500473982 -0.00392249948931 0.0584455249864 0.0604580037384 0.0561934620948 -0.000735789422362 -0.00143077422814 -0.0004079806405 0.0571979479221 -0.0057741073909 0.184982848598 0.00584632543593 -0.00451860224509 -0.0132624965152 -0.0200026301113 -0.000464687228891 -0.00106098620154 -0.00351717651347 0.0154068446864 0.000311990439256 -0.00322427059573 -0.000920837468181 0.00336082691716 -0.00958262598193 -0.568916840675 -7.04180041028
-0.00381988365239 -0.0181241288589 0.00186140442582 -0.000427253839369 -0.00122794878081 -0.000815633700414 0.000114616647218 -0.00086802301988 0.000296605248134 0.0124634145593 -0.000919030533262 -0.00183866444088 -0.00335171875823 -0.00255690472991 -0.000128658497306 -0.00343565427702 0.00249281549568 0.0136598449669 -0.036042770555 -0.00116557752199 -0.0122628387172 -0.00496892551066 -0.00090306284087 -0.00202767185651 0.241842558136 0.108991974961 -0.0162333073122 0.0931418518136 0.0589681618083 0.162642167759 0.0682181148113 0.0588800621259 -0.0104839555157 0.05887090762 0.0888120577228 0.0706086577007 0.00750276708544 -0.00083668263616 0.00394902883286 0.0573341036512 0.00527998999769 -0.0107513469235 0.00517715673075 -0.00479339828089 -0.0136075334006 -0.0112476672638 -0.000516531348176 -0.00221700455396 -0.00302836121464 0.0165415952818 8.14994035424e-05 -0.00665844528121 -0.00104699450777 0.0214696211703 0.0292912986575 -0.0501453175605 -4.5274891689
-0.00181541478797 -0.0100172658978 -0.00189896815844 -0.00011861820596 -0.000809147247104 -0.00126311796775 -0.000461403772124 -0.0012838760118 -0.000571661419872 -0.000224454783594 3.69846422401e-05 -0.00369424232552 -0.00176195909091 -0.00111705111802 -4.64875210042e-05 -0.00186056461491 -0.000820430835313 0.00972227340973 -0.0281586632047 -0.000391902538009 -0.00493939940227 -0.00275461825895 -0.000368128507575 -0.000977660008125 0.134450713997 0.0737300456192 0.00644496028514 0.0689914150585 0.0565917528649 0.0682181148113 0.124716276711 0.0578388582156 -0.00479273836277 0.0578355666216 0.0686178193001 0.0671231288586 0.00443208583997 -0.00103728913984 0.00560546430432 0.0599948420465 -0.00313707215183 -0.00617889004554 0.00655184521175 0.0149975557826 -0.007239522158 -0.0128453715185 -0.000387324871006 -0.00192610736884 -0.0020356376966 0.0151831338258 0.000414743157093 -0.00382052649691 -0.000568385624521 0.0016383948146 0.0364029392018 0.126419265352 -1.99082815809
-0.00110249522826 -0.000579070955596 -0.00549109723999 -3.65361458981e-05 0.00267457051757 -0.000574110130007 -0.000148793563767 -0.000985518791941 -0.000123497701382 0.00151589875314 -0.000436581700509 -0.00934007710782 -0.00104816277541 -0.000856452733976 8.63114932342e-05 -0.00123432582802 -0.00136981860992 -0.00266707800982 -0.0157996408642 -0.000263958172696 0.00180087319813 -0.0018385731724 -0.000238723461758 -0.000692360604169 0.11292904946 0.0636655258335 0.0330976762348 0.0588379739352 0.0584500473982 0.0588800621259 0.0578388582156 0.0692758509188 -0.00421559358832 0.0692501289676 0.0571079130401 0.056918308541 0.00338159252586 -0.00070673712855 0.00563216779581 0.058397543677 -0.00195615511733 -0.00358295098273 0.00785936342845 0.000384028410552 0.00412223474577 -0.00795761659299 -0.000270305553975 -0.00125878302594 -0.000904980075986 0.0172590454624 0.000531500220572 -0.00270113733111 -0.000390225638319 -0.000262170318679 0.0157709863206 -0.0993999579386 -2.42304157716
-0.00457274098296 -0.0231609745159 -0.0097231698983 -0.00088164564978 -0.00111433269564 -0.00078115332709 -0.000827830172405 -0.00323199269776 0.00236955821256 -0.0058908701244 -0.00161003866622 -0.00956923538641 -0.00532960321593 -0.00136504025817 0.00149703519205 -0.0051299259365 -0.00274552841577 -0.00197123215212 -0.0640724119614 -0.00151452389546 -0.0244534436192 -0.00504156967048 -0.00156872320138 -0.00254988216182 -0.0221147492246 -0.0129310744177 -0.0882305129816 -0.00441549443846 -0.00392249948931 -0.0104839555157 -0.00479273836277 -0.00421559358832 0.323554772389 -0.00423126331695 -0.00545123594895 -0.00273771411479 0.00573473893132 0.00223365989066 0.0139637478172 -0.00414122172596 -0.00395273110038 -0.00237735712248 -0.00116717248509 0.00519451185785 -0.00980245537116 -0.0195359356977 -7.03411237258e-05 -0.000135068590374 -0.00194744691655 0.00302606567917 0.00729462528951 -0.00922427374774 -0.00134931402886 -0.000666474724603 -0.0430353880962 -0.0326255308773 12.5953647923
-0.00083198973351 -0.000772409270851 -0.00538128128028 -0.000107380671325 0.0024564181079 -0.000689999891391 -0.000339912215789 -0.00114492345252 -0.000166889379879 0.00160749028936 -0.000473091867244 -0.00984302251446 -0.00109186716836 -0.000899158106926 2.94788330283e-07 -0.00125899297939 -0.00141408227642 -0.00299354120545 -0.0160462822333 -0.000387128516098 0.00163619588467 -0.00201374974722 -0.000423688609539 -0.00078418522279 0.112937115622 0.0636675964413 0.0330811754954 0.0588779784776 0.0584455249864 0.05887090762 0.0578355666216 0.0692501289676 -0.00423126331695 0.0698495149793 0.0571399908697 0.0568682782897 0.00339586157618 -0.000711229818988 0.00562034342544 0.0583772865305 -0.00195833026778 -0.00359071032785 0.00785118638802 0.000375644493045 0.00405768274445 -0.0079590932399 -0.000271096814116 -0.00125714623702 -0.000920176711179 0.0172499432664 0.000525018494146 -0.00193265951615 -0.000141403701996 -0.000293389817208 0.109437565393 0.0890345922578 -2.14466541731
-0.00349694294588 -0.0188494446135 -0.00388314202992 0.00215793154777 -0.003654808325 -0.00246416986094 -0.000502675421329 -0.000317107584146 -0.000489016335305 0.00124050299055 -0.000980350707144 -0.0165713615325 -0.00401920509113 -0.00252720190426 0.000772422223822 -0.00543740647072 -0.00330881956652 0.0121585767571 -0.0372367116164 -0.000753693600375 -0.0128919783368 -0.00517221395667 0.000274376774074 -0.00149252296278 0.171488228719 0.101682603694 -0.0244249771001 0.120301682045 0.0604580037384 0.0888120577228 0.0686178193001 0.0571079130401 -0.00545123594895 0.0571399908697 0.251687291115 0.0672259875073 0.00200646847946 -0.00183885596539 0.00163111703416 0.0565005491013 0.00309932987804 0.00701211417825 0.00540740978799 -0.00199440034264 -0.0146544549296 -0.0136910089865 0.000443129402614 7.9614120534e-06 -0.00376091106139 0.0178703848669 0.000550529593887 -0.00475166400896 0.000141684814744 0.000313372296993 0.0410620555455 0.360221313594 -0.970735009652
-0.00357399211566 -0.0156279152488 -0.00291456096557 0.00125111857734 -0.000950299901679 -0.00180635575247 -0.000831237235138 -0.000287181434518 -0.00246639584242 0.00257615686183 -0.0011851682293 0.00120865384817 -0.0032537178452 0.00243293688374 -0.000642632544129 -0.00637810973264 0.000283948502765 0.010054592442 -0.0565337565892 -0.00264738616103 -0.0210719264556 -0.00585692544195 -0.00212212587192 -0.00293514819389 0.16296395928 0.0799414870768 -0.0136060008665 0.0807667218006 0.0561934620948 0.0706086577007 0.0671231288586 0.056918308541 -0.00273771411479 0.0568682782897 0.0672259875073 0.12086320924 0.00695936566331 -0.0012708219585 0.0106720032805 0.0561744470374 -0.00425212787942 -0.0107816504222 0.00611541856189 -0.00139129775785 -0.00680078535313 -0.0167802521284 -0.000465369288896 0.000534454643899 -0.00230381184968 0.0166541803129 3.81073397653e-06 -0.00798619217347 -0.00145899435172 0.00333788794605 -0.0637719482916 -0.61010997628 -1.8077559323
-0.00447361566027 -0.0182017911546 -0.0100814046889 -0.00223705950547 -0.00864730222357 -0.00142152578238 0.00049883123222 0.00114247545097 0.000494438457541 0.00225626093779 -0.000239853974114 -0.00751892489458 -0.0025731528663 -0.00363228154955 1.21997008298e-05 -0.00310359461505 -0.00166150200622 0.00102840466592 -0.0701504208392 -0.00294337250729 -0.0270124867891 -0.00758129544984 -0.001545281946 -0.00350415550151 0.0636329234304 0.0462893052935 -0.0823263270266 0.0015973263003 -0.000735789422362 0.00750276708544 0.00443208583997 0.00338159252586 0.00573473893132 0.00339586157618 0.00200646847946 0.00695936566331 0.180393659426 -0.00092691319119 0.0451784887423 0.00229061065755 0.0153623005446 -0.00243846299858 0.0308385705941 -0.00224544688224 0.0129423566894 0.0403699524974 -0.000717329392063 0.00521932319172 0.0043775991279 0.0114146309027 0.0031806493415 -0.00315933451339 -0.00107237743044 -0.00220344274503 0.0241732359656 0.188447055851 10.2786893897
-0.000313031793574 -0.00345452046277 0.0049187583063 -0.000320134376652 0.0234041426384 -0.000672190832627 -0.000393366918085 -0.000561265734379 0.0003519173917 -0.00214802891095 0.000134827152082 -0.00526320825057 -0.000809239683348 -2.90215954804e-05 -0.000346855390988 0.00559633419238 -0.000795336475632 0.00180044349334 -0.0104952307633 0.0020186681873 0.00162238313647 -0.000556389895162 -0.000568358033498 -0.000153515783559 0.000295556017287 0.00357075362381 -0.0139119588358 -0.00211340692534 -0.00143077422814 -0.00083668263616 -0.00103728913984 -0.00070673712855 0.00223365989066 -0.000711229818988 -0.00183885596539 -0.0012708219585 -0.00092691319119 0.0555073264286 -0.000210227227201 -0.000867180592613 -0.000899018932268 0.0317570886818 -0.000616108221363 -0.000184619225582 -0.00134714093515 -0.00330379430826 -8.86100557583e-05 0.00115715461842 0.000351433368596 -0.00084273061186 6.21710278948e-06 -0.00154501005236 -0.000176598238803 -0.000213336580391 -0.0210621008804 -0.141477312702 -1.08141949336
